100
2 1
500 300
900
660
2 1
500 300
1500
809
2 2
50 100
450 449
1100 1101
2 1
500 300
300
500
1 8
10
11 13 17 11 16 14 12 18
2 6
6 8
3877 3600 3759 3436 3240 3893
4675 5161 4800 5163 5280 4939
1 1
3
1737
2 5
17726 352450
502124 936778 971535 824322 830540
994658 733560 987846 729912 965109
1 5
235412
675724 877680 821398 999864 890597
1 8
10
3 7 8 1 4 6 2 5
2 3
4 3
10604 9003 10242
7340 6507 6544
2 8
4 1
9670 8317 8800 859 8497 360 7560 3600
2310 2192 202 2200 110 900 2338 2528
2 7
9 4
18561 18909 17519 17145 15527 16011 15471
8404 7620 8075 7874 6876 7401 7174
1 6
9
2686 4527 3600 1980 856 5507
2 4
7 4
2165 2310 2088 2086
1192 1135 1080 1110
1 8
6
6099 4800 5474 12674 3947 9240 14400 5400
2 4
1 6
1700 1018 2142 990
6053 13688 7260 10200
2 8
1 8
1601 1632 1700 1440 1674 1771 1537 1689
13856 11592 12646 14080 12808 13528 11937 13004
2 8
8 1
8 88 8 8 8 8 72 8
1 1 9 1 1 1 11 1
1 3
10
18260 17000 16850
2 5
6 5
2799 3032 3000 3300 2956
2402 2655 2482 2250 2500
2 2
6 2
54 6
2 22
1 6
2
726 1000 423 635 1320 180
1 5
446127
400075 790103 985381 761630 759427
2 1
2 6
360
1320
1 6
6
7206 7027 7665 7645 6534 7504
1 3
2
2 22 2
2 8
1 1
1000000 999999 999998 999997 999996 999995 999994 999993
999992 999991 999990 999989 999988 999987 999986 999985
2 6
10 5
6000 2700 1000 2104 4705 3628
2636 1830 500 1650 1099 3000
1 5
7
1285 2225 2800 630 3345
1 7
6
12420 13800 13684 14723 15123 13415 13937
1 5
10
18700 17000 12921 3722 2196
2 8
8 1
32 88 8 33 38 36 16 26
3 5 2 1 4 4 5 9
2 8
5 9
12351 3804 1100 6750 6000 8203 3500 5548
6543 16023 14850 10800 9132 6300 1620 23023
2 4
10 10
2200 18835 7312 11832
20472 1800 11812 7022
1 8
9
18 99 47 54 36 75 9 71
2 8
1 10
631 192 311 500 558 440 94 832
8542 6711 1978 931 6437 5000 3051 3600
2 8
57245 470897
820485 978042 830587 817996 751250 198728 892795 715972
623305 976775 951245 449783 923841 825215 996791 933229
2 8
3 10
6396 7334 6900 7150 6884 6900 6490 7590
25172 21677 20700 23000 23671 21347 23000 23854
1 3
645404
612156 876554 970986
1 2
5
900 1000
2 4
122527 75520
909596 939244 914387 891648
308319 929605 992206 969670
1 2
6
8945 9600
1 7
117840
229084 966293 881413 422024 994460 734286 764061
1 1
2
604
2 8
7 6
3150 4900 5091 4417 759 1400 2640 2071
4200 3300 1200 3902 4383 629 1780 2603
2 8
197383 292459
874521 865392 704752 804412 775313 343157 754248 577724
775374 810328 858428 976306 694300 962615 963904 835009
1 1
7
10710
2 6
3 5
600 654 563 652 600 660
1000 943 1091 1000 900 1092
2 8
1 4
2 2 1 11 11 5 4 5
16 36 19 20 4 36 8 8
1 5
8
19247 20024 21120 19200 17972
2 5
9 6
11700 1980 4512 13381 3369
3001 2291 1080 8525 7800
1 2
1
9 3
1 6
9
52 45 81 9 18 27
1 8
8
2877 3423 3401 3608 3393 3200 3192 3481
1 1
5
500
1 1
5
10047
2 8
725705 236843
861240 833805 356112 576558 405363 593796 779203 984918
842539 903709 703536 990025 798546 875308 994594 974449
1 2
7
7 21
2 8
4 1
800 6840 4107 2400 5960 7621 4847 405
2090 102 1051 1932 1262 600 200 1449
1 8
2
3790 3643 3806 3640 3513 4202 3438 3927
2 6
10 1
40 90 20 10 70 60
6 2 11 7 1 4
2 2
9 4
74 62
35 28
1 5
6
569 3000 1705 1240 2160
1 8
32639
859907 813554 692967 732744 939034 860278 864678 311133
2 4
214667 352813
914072 901867 943622 965137
552087 926996 983386 868210
2 5
5 1
605 433 576 460 525
108 99 105 86 99
1 6
33707
962959 733807 725111 609099 982068 553867
2 1
1 9
1420
13314
2 3
5 8
11500 3681 11397
18400 6847 18588
1 3
9
10530 5400 13737
2 3
3 9
900 4290 3758
2700 10530 11327
2 7
4 8
26 20 13 29 8 31 36
60 40 59 63 23 17 88
2 2
5 7
9879 9829
13478 14336
1 6
8
8 8 8 8 8 72
1 4
6
10089 10407 10560 8877
2 4
5 10
1350 1078 2000 517
1862 4000 1052 3300
2 2
9 3
976 1620
328 660
2 8
5 2
3767 3645 4010 3900 4098 4002 4338 4310
1734 1642 1468 1506 1467 1679 1782 1604
2 1
9 10
900
1000
2 6
3 10
1646 631 1200 300 1753 810
4595 3300 2105 4000 5561 943
2 2
10 6
13688 16238
8531 9373
1 7
574514
985016 517941 997991 675191 823771 900730 975950
1 3
5
5 5 55
2 8
2 8
2 18 2 18 2 2 2 2
88 8 8 8 8 8 88 8
2 5
8 2
59 72 8 37 25
22 6 2 10 15
2 6
1 8
4 11 3 8 8 7
63 72 65 29 56 23
2 7
8 8
10152 11240 10784 11914 10243 12069 11160
11821 11160 10491 10967 12408 11240 11788
2 3
8 10
720 2238 1672
2179 2923 1100
2 8
581787 22624
944920 428391 893190 268013 998104 990031 777430 650446
986880 204099 529026 944868 830214 624779 663823 751429
2 2
219207 676112
671556 948450
856131 989496
1 3
6
6 24 42
2 1
5 1
5601
1162
2 2
427976 287296
605838 952900
560063 786183
2 1
5 7
450
770
2 1
10 8
20
16
1 6
7
10010 9100 9141 9100 9427 8780
2 8
10 1
5500 4523 4586 4696 5310 5147 5000 4500
500 547 497 500 535 494 550 450
2 1
10 2
110
18
1 3
1000000
900001 899999 900000
