1
2
3
4
4
5
8
10
10
12
15
16
17
18
19
20
21
28
28
28
28
29
30
30
30
30
30
30
30
30
30
30
30
32
34
39
45
45
48
49
49
49
49
49
50
50
50
50
50
50
50
50
50
50
50
50
52
55
59
63
63
63
66
67
67
69
69
69
69
71
71
71
71
71
71
71
71
71
71
71
71
74
78
85
85
85
87
87
87
88
92
92
92
92
93
94
98
98
98
99
99
99
99
99
99
99
101
101
101
101
101
101
101
101
101
103
103
103
105
110
116
116
117
118
119
119
119
119
119
119
121
121
121
121
121
121
121
124
124
124
124
124
124
124
124
124
128
135
135
138
138
138
138
138
138
138
138
138
138
138
141
145
145
145
147
151
151
154
154
154
155
155
155
155
155
157
161
161
161
161
161
161
161
166
166
166
166
166
166
166
166
166
166
167
167
167
167
170
175
176
180
180
180
180
180
180
180
180
180
180
180
180
180
184
184
184
184
184
184
184
184
184
184
184
184
184
184
184
184
184
184
184
184
184
184
184
184
186
191
191
191
191
191
191
191
191
191
191
191
191
191
191
191
191
191
191
191
191
191
191
191
191
191
191
191
191
191
191
191
191
191
191
191
191
194
194
194
194
194
194
194
194
194
194
195
197
197
197
197
201
206
206
206
206
206
206
206
206
206
206
206
206
206
206
206
206
206
206
206
206
206
206
206
206
206
206
206
210
212
216
220
224
228
228
228
228
228
228
228
228
228
228
228
228
228
228
232
232
232
232
232
232
232
232
232
232
232
232
232
232
232
232
232
232
234
239
246
246
246
246
246
246
246
246
246
246
246
246
246
248
252
252
252
252
252
252
252
252
256
256
256
256
256
256
256
260
260
260
260
260
260
260
263
263
263
263
263
263
263
263
265
265
265
265
265
265
265
265
265
265
268
268
268
269
269
269
269
269
269
276
276
276
276
276
276
276
276
276
276
276
276
276
276
276
276
276
276
276
279
279
279
279
279
279
279
279
279
279
279
279
279
279
279
279
279
279
280
280
280
280
280
280
280
280
280
280
280
280
280
280
280
280
280
280
280
280
280
280
280
284
289
289
289
289
292
292
292
292
292
292
292
292
292
292
292
292
292
295
295
296
300
300
300
301
305
305
305
308
314
314
314
314
314
314
314
314
314
314
315
315
315
315
315
315
315
315
315
315
315
315
315
315
315
315
315
315
315
315
315
315
315
315
315
315
315
315
315
315
315
315
315
315
315
315
315
315
315
315
320
320
320
320
320
320
320
320
320
320
320
320
320
320
321
324
324
324
324
324
324
324
324
324
324
324
324
324
324
324
324
324
324
324
324
328
333
333
333
333
333
333
333
333
333
333
333
333
333
333
333
333
333
333
333
333
333
333
333
333
333
333
333
333
333
333
333
333
333
333
333
333
333
333
333
333
333
333
333
333
333
333
333
333
333
333
333
333
333
333
333
333
333
333
333
337
337
337
337
337
337
337
337
337
337
337
337
337
337
337
337
337
337
337
337
337
337
337
337
337
337
337
337
337
337
337
337
337
337
337
337
337
337
337
337
337
337
337
337
337
337
337
337
337
337
337
337
337
337
337
337
337
337
337
337
337
337
337
337
337
337
337
337
343
350
358
369
369
370
370
370
370
370
370
370
370
370
370
370
370
370
370
370
370
370
370
370
370
370
370
374
379
385
395
395
395
395
395
395
395
395
395
395
395
395
395
395
395
395
395
395
395
395
395
395
395
395
395
395
395
395
395
395
395
395
395
395
395
395
395
395
397
404
404
404
404
404
404
404
404
405
405
405
405
407
410
410
410
410
410
410
410
413
413
413
413
413
413
413
417
417
417
417
417
417
417
417
417
417
417
417
417
417
417
417
417
417
417
417
417
417
417
417
417
419
419
419
419
419
419
419
419
419
419
419
419
419
419
419
419
422
426
433
433
433
433
433
436
441
441
441
441
441
441
441
441
441
441
441
441
441
441
441
441
441
441
441
441
441
441
441
441
441
441
441
441
441
441
441
441
441
441
441
441
441
441
441
441
441
441
441
441
441
441
441
441
441
441
441
441
441
441
441
441
441
441
441
441
441
441
447
447
447
447
447
447
447
447
447
447
447
447
447
450
450
453
453
453
453
453
453
453
453
453
458
458
458
458
458
458
458
458
458
458
458
458
458
458
458
458
458
458
458
458
458
458
458
458
458
458
458
458
458
458
458
458
458
458
458
458
458
458
458
458
458
458
458
458
458
458
458
458
458
458
458
458
458
458
458
458
458
458
458
458
458
460
460
460
460
460
460
460
460
460
460
460
460
460
460
460
460
460
460
460
460
460
460
460
460
460
460
460
460
460
460
460
460
460
460
460
460
460
460
460
460
464
464
464
468
468
468
468
468
468
468
468
468
468
468
468
468
468
468
468
468
468
468
468
468
468
468
471
475
475
475
475
475
475
475
475
478
482
482
482
482
482
482
482
482
482
482
482
482
482
482
482
482
482
482
482
482
482
482
482
482
482
482
482
482
482
482
482
482
482
482
482
482
482
482
482
482
482
482
482
482
482
482
482
482
482
482
482
482
482
482
482
482
482
482
482
482
482
482
482
482
482
482
482
482
482
482
482
482
482
482
484
488
488
488
488
488
488
488
488
488
488
488
488
488
491
491
491
491
491
491
491
491
491
491
493
497
503
503
503
503
503
503
503
503
503
503
503
503
503
503
503
503
503
503
503
503
503
503
503
503
503
503
503
503
503
503
503
503
503
503
503
503
503
503
503
503
507
507
507
507
507
507
507
507
507
507
507
507
507
507
507
507
507
507
510
510
510
510
510
510
510
510
510
510
510
510
510
510
510
510
510
510
510
510
510
510
510
510
510
510
510
510
510
510
510
510
510
510
510
510
510
510
510
510
510
510
510
510
510
510
510
510
510
510
510
510
510
510
510
510
510
510
512
514
514
514
514
514
514
514
514
514
514
514
514
514
514
514
514
514
514
514
514
514
514
514
514
514
514
514
514
514
514
514
514
514
514
514
514
514
514
514
514
514
514
514
514
514
514
514
514
514
514
514
514
514
514
514
514
514
514
514
514
514
514
514
514
514
514
514
514
514
514
514
514
514
514
514
514
514
514
514
514
514
514
514
514
514
514
514
514
514
514
514
514
514
514
514
514
514
514
514
517
517
517
517
517
517
522
530
530
530
530
530
530
530
530
533
533
533
533
533
533
533
533
533
533
533
533
533
533
537
537
537
537
537
540
540
540
540
540
540
540
540
540
540
540
540
540
544
544
544
544
544
544
544
544
544
544
544
544
544
544
544
544
544
544
544
544
544
544
544
544
544
548
548
548
548
548
548
548
548
548
548
548
548
548
550
550
550
550
550
550
550
550
550
550
550
550
550
550
550
550
550
550
550
550
550
550
550
550
550
550
550
550
550
550
550
550
550
550
550
550
550
550
550
550
550
550
550
550
550
550
550
550
550
550
550
550
550
550
550
550
550
554
554
554
554
554
554
554
554
556
556
556
556
556
556
556
556
556
556
556
556
556
556
556
556
556
556
556
556
556
556
556
556
556
556
556
556
556
556
556
556
556
561
567
567
567
567
567
567
567
567
567
567
567
567
567
567
567
567
567
567
567
567
567
567
567
567
567
567
567
567
567
567
567
567
567
567
567
567
567
567
567
567
567
567
567
567
567
567
567
567
567
567
567
567
567
567
567
567
567
567
567
567
567
567
567
567
567
567
567
567
567
567
567
572
572
572
572
572
572
572
572
572
572
572
572
572
575
575
575
575
575
575
575
575
575
575
575
575
575
575
575
575
579
579
579
579
579
579
579
579
579
579
579
579
579
579
579
579
579
579
579
579
579
579
579
579
579
579
579
579
579
579
579
579
579
579
579
579
579
579
579
579
579
579
579
579
579
579
579
579
579
579
579
579
579
579
579
579
579
579
579
579
579
583
583
583
583
583
583
583
583
583
583
583
583
583
583
583
583
583
583
583
583
583
583
583
583
583
588
588
588
588
588
588
588
588
588
588
588
588
588
588
588
588
588
588
588
588
588
592
592
592
592
592
592
592
592
592
592
592
592
592
592
592
592
592
592
592
592
592
592
592
592
592
592
592
597
597
597
597
597
597
597
597
597
597
597
597
597
597
597
597
597
597
597
597
597
597
597
597
597
597
597
597
597
597
597
597
597
597
597
597
597
597
597
597
597
597
597
597
597
597
597
597
597
597
597
597
597
597
598
601
607
615
615
615
615
615
615
615
615
615
615
615
615
615
615
615
615
615
615
615
615
615
615
615
615
615
615
615
615
615
615
615
615
615
619
619
619
619
619
619
619
619
619
619
620
625
625
625
625
625
625
625
625
625
625
625
625
625
625
625
625
625
625
625
625
625
625
625
625
625
625
625
625
625
625
625
625
625
625
625
625
625
627
627
627
627
627
627
627
627
627
627
627
627
627
627
627
627
627
627
627
627
631
636
636
636
636
636
636
636
636
636
636
636
636
636
636
636
636
636
636
636
636
636
636
636
636
636
636
636
636
636
636
636
636
636
636
636
636
636
636
636
636
636
636
636
636
636
640
640
640
640
640
640
640
640
640
640
640
640
640
640
640
640
640
640
640
640
640
640
640
640
640
640
640
640
640
640
640
640
640
640
640
640
640
640
644
644
644
644
644
644
644
644
644
644
644
644
644
644
644
644
644
644
644
644
644
644
644
649
649
649
649
649
649
649
649
649
649
649
649
649
649
649
649
649
649
649
649
649
649
649
649
649
649
649
649
649
649
649
649
649
649
649
649
649
649
649
649
649
649
652
652
652
652
652
652
652
652
652
652
652
652
652
652
652
652
652
658
658
658
658
658
658
658
658
658
658
658
658
658
658
658
658
658
658
658
658
658
658
658
658
658
658
658
658
658
658
658
658
658
658
658
658
658
658
658
658
658
658
658
658
658
658
663
670
670
670
670
670
670
670
670
670
670
670
670
670
670
670
670
670
670
670
670
670
670
670
670
670
670
670
670
670
670
670
670
670
670
670
670
670
670
670
670
670
670
670
670
670
670
670
670
670
670
671
671
671
671
671
671
671
671
671
671
671
671
671
674
674
674
674
674
674
674
674
674
674
674
674
674
674
674
674
674
674
674
677
682
688
688
688
688
688
688
688
688
688
688
688
688
688
688
688
688
688
688
688
688
693
701
701
701
701
701
701
701
701
701
701
701
701
701
701
701
701
701
701
701
701
701
701
701
701
701
701
701
701
701
701
701
701
701
701
701
702
702
702
702
702
702
702
702
702
702
702
702
702
702
702
706
706
706
706
706
706
706
706
706
706
706
706
710
710
710
710
710
710
710
710
710
712
712
712
712
712
712
712
712
712
712
712
712
712
712
712
712
715
715
715
715
715
715
715
715
715
715
715
715
715
715
715
715
715
715
715
715
715
715
715
715
715
715
715
715
715
715
715
715
715
715
715
715
718
722
722
722
722
722
722
722
722
722
722
722
722
722
722
722
722
722
722
722
722
722
722
722
722
722
722
722
722
722
722
722
722
722
722
722
722
722
722
722
722
722
722
722
722
722
722
722
722
722
722
722
722
722
722
722
722
722
722
722
722
722
722
722
726
726
726
726
726
726
726
726
726
726
726
726
726
726
726
726
726
726
726
726
726
726
730
730
730
734
734
734
734
734
734
734
734
734
734
734
734
734
734
734
734
734
734
734
734
734
734
734
734
734
734
734
734
741
741
741
741
741
741
741
741
741
741
741
741
741
741
741
741
741
741
741
741
741
741
741
741
741
741
741
741
741
741
741
741
741
741
741
741
741
741
741
741
741
741
741
741
741
747
747
747
747
747
747
747
747
747
747
747
747
747
747
747
747
749
749
749
749
749
749
749
749
749
749
749
749
749
749
749
749
749
749
749
749
749
749
749
749
749
749
749
749
749
749
749
749
749
749
749
749
749
749
749
749
749
749
749
749
749
749
749
749
749
749
749
749
749
749
749
749
749
749
749
749
749
749
749
749
749
749
749
749
749
749
752
757
759
763
763
763
763
763
763
763
763
763
763
763
763
763
763
763
763
763
763
763
763
763
763
763
763
763
763
763
763
763
763
763
763
763
763
763
763
763
763
763
763
763
763
763
763
763
763
763
763
763
763
763
763
763
763
763
763
763
763
763
763
763
763
763
763
763
763
763
763
763
763
763
763
763
763
763
763
763
763
763
763
763
763
763
763
763
763
763
763
763
763
767
767
767
767
767
767
770
770
770
770
770
770
770
770
770
770
770
770
770
770
770
770
770
770
773
773
773
773
773
773
773
773
773
773
773
773
773
773
773
773
773
774
774
774
774
774
774
774
774
774
774
774
774
774
774
774
774
774
774
774
774
774
774
774
774
774
774
774
774
774
774
774
774
774
774
774
774
774
774
774
774
776
776
776
776
776
776
776
776
776
776
776
776
776
776
776
776
776
776
776
776
776
776
777
780
785
785
785
785
785
785
785
785
785
785
785
785
785
785
785
785
785
785
785
785
785
785
785
785
785
785
785
785
785
785
785
785
785
786
786
786
786
786
786
786
786
786
786
786
786
786
786
786
786
786
786
786
786
786
786
786
786
786
786
786
786
786
786
786
786
786
786
786
786
786
786
786
786
786
786
786
786
786
786
786
786
786
786
786
786
786
786
786
786
786
786
786
786
786
786
786
786
786
786
786
786
786
786
786
786
786
791
798
798
798
798
798
798
798
798
798
798
798
798
798
798
798
798
798
798
798
798
798
798
798
798
798
798
798
798
798
798
798
798
798
798
798
798
798
798
798
798
798
798
798
798
798
798
798
798
798
798
800
805
805
805
805
805
805
805
805
805
805
805
805
805
805
805
805
805
805
805
805
805
805
805
805
805
805
805
805
805
805
805
805
805
805
805
805
805
805
805
805
805
805
805
805
805
805
805
808
813
813
813
813
813
813
813
813
813
813
813
813
813
813
813
813
817
817
817
817
817
817
817
817
817
817
817
817
817
817
817
817
817
817
817
817
817
817
817
817
817
817
817
817
817
817
817
817
817
817
817
817
817
817
817
817
817
817
817
817
817
817
817
817
817
817
817
817
817
817
817
817
817
817
817
817
817
817
817
817
817
817
817
817
817
817
817
817
817
817
817
817
817
817
817
817
821
821
821
821
821
821
821
821
825
825
825
825
825
825
825
825
825
825
825
825
825
825
825
825
825
825
825
825
825
825
825
825
825
825
825
825
825
825
825
825
825
825
825
825
825
825
825
825
825
825
825
825
825
825
828
828
828
828
828
831
831
831
831
831
834
834
834
834
834
834
834
834
834
834
834
834
834
834
834
834
834
834
834
834
834
834
834
834
834
834
834
834
834
834
834
834
834
834
834
834
834
834
834
834
834
834
834
834
834
834
834
834
834
834
834
834
838
843
843
843
843
843
843
843
843
843
843
843
843
843
843
843
843
843
848
855
863
863
866
871
871
871
871
871
871
871
871
871
871
871
871
871
871
871
871
871
871
871
871
871
871
871
871
871
871
871
871
871
871
871
871
871
871
871
871
871
871
871
871
871
871
871
871
871
871
871
871
871
871
871
871
871
871
871
871
871
871
871
871
871
871
871
871
871
871
871
871
871
871
871
871
871
871
871
871
871
871
871
871
871
871
871
871
871
871
871
871
871
871
871
871
871
871
871
871
871
871
871
871
871
871
871
871
871
871
871
871
871
873
873
873
873
873
873
873
873
873
873
873
873
873
873
873
873
873
873
873
873
873
873
873
873
873
873
873
873
873
873
873
873
873
873
873
873
873
873
877
882
882
882
882
882
882
882
882
882
882
882
882
882
882
882
886
891
891
891
891
891
891
891
891
891
891
891
891
891
891
891
891
891
891
891
891
891
891
891
891
891
891
891
891
891
891
891
891
891
891
891
891
891
891
892
892
892
892
892
892
892
892
892
892
892
892
892
892
892
892
899
908
908
908
908
908
908
908
908
908
908
908
908
908
908
908
908
908
908
908
908
908
908
908
908
908
908
908
908
908
908
908
908
908
908
908
908
908
908
908
908
908
908
908
908
908
908
908
908
908
908
908
908
908
908
908
908
908
908
908
908
908
908
908
908
908
908
908
908
908
908
908
908
908
908
912
912
912
912
912
912
912
912
912
912
912
912
912
912
912
912
912
912
912
912
912
912
912
912
912
912
912
912
912
912
912
912
912
912
912
912
912
912
912
912
912
912
912
912
912
912
912
912
912
912
912
912
912
912
912
912
916
916
916
916
916
916
916
916
916
916
916
916
916
916
916
916
916
916
916
916
916
916
916
916
916
916
916
916
916
916
916
916
916
916
916
916
916
916
916
916
916
916
916
916
916
916
916
916
916
916
916
916
916
916
916
916
916
916
916
916
916
916
916
916
916
916
916
916
916
916
916
916
916
916
916
916
916
916
916
916
916
916
916
916
916
916
916
916
916
916
916
916
916
916
916
920
925
925
925
925
925
925
925
925
925
925
925
925
925
925
925
925
925
925
925
925
925
925
925
929
935
935
935
935
935
935
935
935
935
935
935
935
935
935
935
935
935
935
935
935
935
935
935
935
935
935
935
935
935
935
935
935
935
935
935
935
935
935
935
935
935
935
935
935
935
935
935
935
935
935
935
935
935
935
935
935
935
935
935
935
935
935
935
935
935
935
935
935
935
935
935
935
935
935
935
935
935
935
935
935
935
935
935
935
935
935
935
935
935
938
938
938
942
942
942
942
942
942
942
942
942
942
942
942
942
942
942
942
942
942
942
942
942
942
942
942
946
953
953
953
953
953
953
953
953
953
953
953
953
953
953
953
953
953
953
953
953
953
955
958
964
964
964
964
964
964
964
964
964
964
964
964
964
964
964
964
964
964
964
964
964
964
964
964
964
964
964
964
964
964
964
964
964
964
964
964
964
964
964
964
964
964
964
964
964
964
964
964
964
964
964
964
964
964
964
964
964
964
964
964
964
964
964
966
966
966
966
966
966
966
966
966
966
966
966
966
966
966
966
966
966
966
966
966
966
966
966
966
966
966
966
966
966
966
966
966
966
966
966
966
966
966
966
966
966
966
966
966
966
966
966
966
966
966
966
966
966
966
966
966
966
966
966
966
966
966
966
966
966
966
966
966
966
966
966
966
966
966
966
966
966
966
966
966
966
966
966
966
966
966
966
966
966
966
966
966
966
966
966
966
966
966
966
966
966
966
966
966
966
966
966
966
966
966
966
966
966
966
966
966
966
966
966
966
966
966
966
966
966
966
966
966
966
966
966
966
966
966
966
966
966
966
966
966
966
966
966
966
972
978
987
987
987
987
987
987
987
987
987
987
987
987
987
987
987
987
987
987
990
990
990
990
990
990
990
990
990
990
990
990
990
990
990
995
995
995
995
995
995
995
995
995
995
995
995
995
995
995
995
995
995
995
995
995
995
997
997
997
997
997
997
997
997
997
997
997
997
997
997
997
997
997
997
997
1001
1008
1008
1008
1008
1008
1008
1008
1008
1008
1008
1008
1008
1008
1008
1008
1008
1008
1008
1008
1008
1008
1008
1008
1008
1008
1008
1008
1008
1008
1008
1008
1008
1008
1008
1008
1008
1008
1008
1008
1008
1008
1008
1008
1008
1008
1008
1008
1008
1008
1008
1008
1008
1008
1008
1008
1008
1008
1008
1008
1008
1008
1008
1008
1008
1008
1008
1008
1008
1013
1013
1013
1013
1013
1013
1013
1013
1013
1013
1013
1013
1013
1013
1013
1013
1013
1013
1013
1013
1013
1013
1013
1013
1013
1013
1013
1013
1013
1013
1013
1013
1013
1013
1013
1013
1013
1013
1013
1013
1013
1013
1013
1013
1013
1013
1013
1013
1013
1013
1013
1013
1013
1013
1013
1013
1013
1013
1013
1013
1013
1013
1013
1013
1013
1013
1013
1013
1013
1013
1016
1016
1016
1016
1016
1016
1016
1016
1016
1016
1016
1016
1016
1016
1016
1016
1016
1016
1016
1016
1016
1017
1017
1017
1017
1017
1017
1017
1017
1017
1017
1017
1017
1017
1017
1017
1017
1017
1017
1017
1017
1017
1017
1017
1017
1017
1017
1017
1017
1017
1017
1017
1017
1017
1017
1017
1017
1017
1017
1017
1017
1017
1017
1021
1026
1026
1026
1026
1026
1026
1026
1026
1026
1026
1026
1026
1026
1026
1026
1026
1026
1026
1026
1026
1026
1026
1026
1026
1026
1026
1026
1026
1026
1026
1026
1026
1026
1026
1026
1026
1026
1026
1026
1026
1026
1026
1026
1026
1026
1026
1026
1026
1026
1026
1026
1026
1026
1026
1026
1026
1026
1026
1026
1026
1026
1026
1026
1026
1026
1026
1026
1026
1026
1026
1026
1026
1026
1026
1026
1026
1026
1026
1026
1026
1026
1027
1028
1028
1028
1028
1028
1028
1028
1028
1028
1028
1028
1028
1028
1028
1028
1028
1028
1028
1028
1028
1028
1028
1028
1028
1028
1028
1028
1028
1028
1028
1028
1028
1028
1028
1028
1028
1028
1028
1028
1028
1028
1028
1028
1028
1028
1028
1028
1028
1028
1031
1031
1031
1031
1031
1031
1031
1031
1031
1031
1031
1031
1031
1031
1036
1036
1036
1036
1036
1036
1036
1036
1036
1036
1036
1036
1036
1036
1036
1036
1036
1036
1036
1036
1036
1039
1039
1039
1039
1039
1039
1039
1039
1039
1039
1039
1039
1039
1039
1039
1039
1039
1039
1039
1039
1039
1039
1039
1044
1044
1044
1044
1044
1044
1044
1044
1044
1044
1044
1044
1044
1044
1044
1044
1044
1044
1044
1044
1044
1044
1044
1049
1054
1059
1064
1069
1069
1069
1069
1069
1069
1069
1069
1069
1069
1069
1069
1069
1069
1069
1069
1069
1069
1069
1069
1069
1069
1069
1069
1069
1069
1069
1069
1069
1069
1069
1069
1069
1069
1069
1069
1069
1069
1069
1069
1069
1069
1069
1069
1072
1078
1085
1085
1085
1085
1085
1085
1085
1085
1085
1085
1086
1086
1086
1086
1086
1086
1086
1086
1086
1086
1086
1086
1086
1086
1086
1086
1086
1086
1086
1086
1086
1086
1086
1086
1086
1086
1086
1086
1086
1086
1086
1086
1086
1086
1086
1086
1086
1086
1086
1086
1086
1086
1086
1086
1086
1086
1086
1086
1086
1086
1086
1086
1086
1086
1086
1086
1086
1086
1086
1086
1086
1086
1086
1086
1086
1086
1086
1086
1086
1086
1086
1086
1086
1086
1086
1086
1086
1086
1086
1086
1086
1086
1086
1086
1086
1086
1086
1086
1090
1097
1097
1097
1097
1097
1097
1097
1097
1097
1097
1097
1097
1097
1097
1097
1097
1097
1097
1097
1097
1097
1097
1097
1097
1097
1097
1097
1097
1097
1097
1097
1097
1097
1097
1097
1097
1097
1097
1097
1097
1097
1097
1097
1097
1097
1097
1097
1097
1097
1097
1097
1097
1097
1097
1097
1097
1097
1097
1097
1097
1097
1097
1097
1097
1097
1097
1097
1097
1097
1097
1097
1097
1097
1097
1097
1097
1097
1097
1097
1101
1107
1107
1107
1107
1107
1107
1107
1107
1107
1107
1107
1107
1107
1107
1107
1107
1107
1107
1107
1107
1107
1107
1107
1107
1107
1107
1107
1110
1110
1110
1110
1110
1110
1113
1113
1113
1113
1113
1113
1113
1113
1113
1113
1113
1113
1113
1113
1113
1113
1113
1113
1113
1113
1113
1113
1113
1113
1113
1113
1113
1113
1113
1113
1113
1113
1113
1113
1113
1113
1113
1113
1113
1113
1113
1113
1116
1116
1116
1116
1116
1116
1116
1116
1116
1116
1116
1116
1116
1116
1116
1116
1116
1116
1116
1116
1116
1116
1116
1116
1116
1116
1116
1116
1116
1116
1116
1116
1116
1116
1116
1116
1116
1116
1116
1116
1116
1116
1116
1116
1116
1116
1116
1116
1116
1116
1116
1116
1116
1116
1116
1116
1116
1116
1116
1116
1116
1116
1116
1116
1116
1116
1116
1116
1116
1116
1116
1116
1116
1116
1116
1116
1116
1116
1116
1116
1116
1116
1116
1116
1116
1116
1116
1116
1116
1116
1116
1116
1116
1116
1116
1116
1116
1116
1116
1116
1116
1116
1116
1116
1116
1116
1116
1116
1116
1116
1116
1116
1116
1116
1116
1116
1116
1116
1116
1116
1116
1116
1116
1116
1116
1116
1116
1116
1116
1116
1116
1116
1116
1116
1116
1116
1116
1116
1116
1116
1116
1116
1116
1116
1116
1116
1116
1116
1116
1116
1116
1116
1116
1116
1116
1116
1116
1116
1116
1116
1116
1116
1116
1116
1116
1116
1116
1116
1116
1116
1116
1116
1116
1116
1116
1116
1116
1116
1116
1116
1116
1116
1116
1116
1116
1116
1116
1116
1116
1116
1116
1116
1116
1116
1116
1116
1116
1116
1116
1116
1116
1116
1116
1116
1116
1116
1116
1116
1116
1116
1116
1116
1116
1116
1116
1116
1116
1116
1116
1116
1116
1116
1116
1116
1116
1116
1116
1116
1116
1116
1116
1116
1116
1116
1116
1116
1116
1116
1116
1116
1116
1116
1116
1116
1116
1116
1116
1116
1116
1116
1116
1116
1116
1116
1116
1116
1116
1116
1116
1116
1116
1116
1116
1116
1116
1116
1116
1116
1116
1116
1116
1116
1116
1118
1124
1132
1132
1132
1132
1132
1132
1132
1132
1132
1132
1132
1132
1132
1132
1132
1132
1132
1132
1132
1132
1132
1132
1132
1132
1132
1132
1132
1132
1132
1132
1132
1132
1132
1132
1132
1132
1132
1132
1132
1132
1132
1132
1132
1132
1132
1132
1132
1132
1132
1132
1132
1132
1132
1132
1132
1132
1132
1132
1132
1132
1132
1132
1132
1132
1132
1132
1132
1132
1132
1132
1132
1132
1132
1132
1132
1132
1132
1132
1132
1132
1132
1132
1132
1132
1132
1132
1132
1132
1132
1132
1132
1132
1132
1132
1132
1132
1132
1132
1132
1132
1132
1132
1132
1132
1132
1132
1132
1132
1132
1132
1132
1132
1132
1132
1132
1132
1132
1132
1132
1132
1132
1132
1132
1132
1132
1132
1132
1132
1132
1132
1132
1132
1132
1132
1132
1132
1132
1132
1132
1132
1132
1132
1132
1132
1132
1132
1132
1132
1132
1132
1132
1132
1132
1132
1132
1132
1132
1132
1132
1132
1132
1132
1132
1132
1132
1132
1132
1132
1132
1132
1132
1132
1132
1132
1132
1132
1132
1132
1132
1132
1132
1132
1132
1132
1132
1132
1132
1132
1132
1132
1132
1132
1132
1134
1134
1134
1134
1134
1134
1134
1134
1134
1134
1134
1134
1134
1134
1134
1134
1134
1134
1134
1134
1134
1134
1134
1134
1134
1134
1137
1142
1142
1142
1142
1142
1142
1142
1142
1142
1142
1142
1142
1142
1142
1142
1142
1142
1142
1142
1142
1142
1142
1142
1142
1142
1142
1142
1142
1142
1142
1142
1142
1142
1142
1142
1142
1142
1142
1142
1142
1142
1142
1142
1142
1142
1142
1142
1142
1142
1142
1142
1142
1142
1142
1142
1142
1142
1142
1142
1142
1142
1142
1142
1142
1142
1142
1142
1142
1142
1142
1142
1142
1142
1142
1142
1142
1142
1142
1142
1142
1142
1142
1142
1142
1144
1144
1144
1144
1144
1144
1144
1144
1144
1144
1144
1144
1144
1144
1144
1144
1144
1144
1144
1144
1144
1144
1144
1144
1144
1144
1144
1144
1144
1144
1144
1144
1144
1144
1144
1144
1144
1144
1144
1144
1144
1144
1144
1144
1144
1144
1144
1144
1144
1144
1144
1144
1144
1144
1144
1144
1144
1144
1144
1144
1144
1144
1144
1144
1144
1144
1144
1144
1144
1144
1144
1144
1144
1144
1144
1144
1144
1144
1144
1144
1144
1144
1144
1144
1144
1144
1144
1144
1144
1144
1144
1144
1144
1144
1144
1144
1144
1144
1144
1144
1144
1144
1144
1144
1144
1144
1144
1144
1144
1144
1144
1144
1144
1144
1144
1144
1144
1144
1144
1144
1144
1144
1144
1144
1148
1148
1148
1148
1148
1148
1148
1148
1148
1148
1148
1148
1148
1148
1148
1148
1148
1148
1148
1148
1148
1148
1148
1148
1148
1148
1148
1148
1148
1148
1148
1148
1148
1148
1148
1148
1148
1148
1148
1148
1148
1148
1148
1148
1148
1148
1148
1148
1148
1148
1148
1148
1148
1148
1148
1148
1148
1148
1148
1148
1148
1148
1148
1148
1148
1148
1148
1148
1148
1148
1148
1148
1148
1148
1148
1148
1148
1148
1148
1148
1148
1148
1148
1148
1148
1148
1148
1148
1148
1148
1148
1148
1148
1148
1148
1148
1148
1148
1148
1148
1148
1148
1148
1148
1148
1148
1148
1148
1148
1148
1148
1148
1148
1148
1148
1148
1148
1148
1148
1148
1148
1148
1148
1148
1148
1148
1148
1148
1148
1148
1148
1148
1148
1148
1148
1148
1148
1148
1148
1148
1148
1148
1151
1156
1156
1156
1156
1156
1156
1156
1156
1156
1156
1156
1156
1156
1156
1156
1156
1156
1156
1159
1163
1168
1168
1168
1168
1168
1168
1168
1168
1168
1168
1168
1172
1177
1177
1177
1177
1177
1177
1177
1177
1177
1177
1177
1177
1177
1177
1177
1177
1177
1177
1177
1177
1177
1177
1177
1177
1177
1178
1178
1178
1178
1178
1178
1178
1178
1178
1178
1178
1178
1178
1178
1178
1178
1178
1178
1178
1178
1178
1178
1178
1178
1178
1178
1178
1181
1181
1181
1181
1181
1181
1181
1181
1181
1182
1187
1187
1187
1187
1187
1187
1187
1187
1187
1187
1187
1187
1187
1187
1187
1187
1187
1187
1187
1187
1187
1187
1187
1187
1187
1187
1187
1187
1187
1187
1187
1187
1187
1187
1187
1187
1187
1187
1187
1187
1187
1187
1187
1187
1187
1187
1187
1187
1187
1187
1187
1187
1187
1187
1187
1187
1187
1187
1187
1191
1196
1196
1196
1196
1196
1196
1196
1196
1196
1199
1199
1199
1199
1199
1199
1199
1199
1199
1199
1199
1199
1199
1199
1199
1199
1199
1199
1199
1199
1199
1199
1199
1199
1199
1199
1199
1199
1199
1199
1199
1199
1199
1199
1199
1199
1199
1199
1199
1199
1199
1199
1199
1199
1199
1199
1199
1206
1206
1206
1206
1206
1206
1206
1206
1206
1206
1206
1206
1206
1206
1206
1206
1206
1206
1206
1206
1206
1206
1206
1206
1206
1206
1206
1211
1217
1225
1225
1225
1225
1225
1225
1225
1225
1225
1225
1225
1225
1225
1228
1228
1228
1228
1228
1228
1228
1228
1228
1228
1228
1228
1228
1228
1228
1228
1228
1228
1228
1228
1228
1228
1228
1228
1228
1228
1228
1228
1228
1228
1228
1228
1231
1231
1231
1231
1231
1231
1231
1231
1231
1231
1231
1231
1231
1231
1231
1231
1231
1231
1231
1231
1231
1231
1231
1231
1231
1231
1231
1231
1231
1231
1231
1231
1237
1244
1244
1244
1244
1244
1244
1244
1244
1244
1244
1244
1244
1244
1244
1244
1244
1244
1244
1244
1244
1244
1244
1244
1248
1256
1265
1276
1276
1276
1276
1276
1276
1276
1276
1276
1276
1276
1276
1276
1276
1276
1276
1276
1281
1287
1287
1287
1287
1287
1287
1287
1287
1287
1287
1287
1287
1287
1287
1287
1287
1287
1287
1287
1287
1287
1287
1287
1287
1287
1287
1287
1287
1287
1287
1287
1290
1294
1294
1294
1294
1294
1294
1294
1294
1294
1294
1294
1294
1294
1294
1294
1294
1294
1294
1294
1294
1294
1294
1294
1294
1294
1294
1294
1294
1294
1294
1294
1294
1294
1294
1294
1300
1308
1318
1331
1331
1331
1331
1331
1331
1331
1331
1331
1331
1331
1331
1331
1331
1331
1331
1331
1331
1331
1331
1331
1331
1331
1331
1331
1331
1331
1331
1331
1331
1331
1331
1331
1331
1331
1331
1331
1331
1331
1331
1331
1331
1331
1331
1331
1331
1331
1331
1331
1331
1331
1331
1331
1331
1331
1331
1331
1331
1331
1331
1331
1331
1331
1331
1331
1331
1331
1331
1331
1331
1331
1331
1331
1331
1331
1331
1331
1331
1331
1331
1331
1331
1331
1331
1331
1331
1331
1331
1331
1331
1331
1331
1331
1331
1331
1331
1331
1331
1331
1331
1331
1331
1331
1331
1331
1331
1331
1331
1331
1331
1331
1331
1331
1331
1336
1343
1352
1362
1373
1373
1373
1373
1375
1375
1375
1375
1375
1375
1375
1375
1375
1375
1375
1376
1380
1380
1380
1380
1380
1380
1380
1380
1380
1380
1380
1380
1380
1380
1380
1380
1380
1380
1380
1380
1380
1380
1380
1380
1380
1380
1380
1380
1380
1380
1380
1380
1380
1380
1380
1380
1380
1380
1380
1380
1380
1380
1380
1380
1380
1380
1380
1380
1380
1381
1382
1383
1388
1388
1388
1388
1388
1388
1388
1388
1388
1388
1388
1388
1388
1388
1388
1388
1388
1388
1388
1388
1388
1388
1388
1388
1388
1388
1388
1388
1388
1388
1388
1388
1388
1388
1388
1388
1388
1388
1388
1393
1400
1400
1400
1400
1400
1400
1400
1403
1403
1403
1403
1403
1403
1403
1403
1403
1403
1403
1403
1403
1403
1403
1403
1403
1403
1403
1403
1403
1403
1403
1403
1403
1403
1403
1403
1403
1403
1403
1403
1403
1403
1403
1403
1403
1403
1403
1403
1403
1403
1403
1403
1403
1403
1403
1403
1403
1403
1403
1403
1403
1403
1403
1403
1403
1403
1403
1403
1403
1403
1403
1403
1403
1403
1403
1403
1403
1403
1403
1403
1403
1403
1403
1403
1403
1403
1403
1403
1403
1403
1403
1403
1403
1403
1403
1403
1403
1403
1403
1403
1403
1403
1403
1403
1403
1403
1403
1403
1403
1403
1403
1403
1403
1403
1403
1403
1403
1403
1403
1403
1403
1403
1403
1403
1403
1403
1403
1403
1403
1403
1403
1403
1403
1403
1403
1403
1403
1403
1403
1403
1403
1403
1403
1403
1403
1403
1403
1403
1403
1403
1403
1403
1403
1403
1403
1403
1403
1403
1403
1403
1403
1403
1403
1403
1403
1403
1403
1403
1403
1403
1408
1408
1408
1408
1408
1408
1408
1408
1408
1408
1408
1408
1408
1410
1410
1410
1410
1410
1410
1410
1410
1410
1410
1410
1410
1410
1410
1410
1410
1410
1410
1410
1410
1410
1410
1410
1410
1410
1410
1410
1410
1410
1410
1410
1410
1410
1410
1410
1410
1410
1410
1410
1410
1410
1410
1410
1410
1410
1410
1410
1410
1410
1410
1410
1410
1410
1410
1410
1410
1415
1415
1415
1415
1415
1415
1415
1415
1415
1415
1415
1415
1415
1415
1415
1415
1415
1415
1415
1415
1415
1415
1415
1415
1415
1415
1415
1415
1415
1415
1415
1415
1415
1415
1415
1415
1415
1415
1415
1415
1415
1415
1415
1415
1415
1415
1415
1415
1415
1415
1415
1415
1415
1415
1415
1415
1415
1415
1415
1415
1415
1415
1415
1415
1415
1415
1415
1415
1415
1415
1415
1415
1415
1415
1415
1415
1415
1415
1415
1415
1415
1415
1415
1415
1415
1415
1415
1415
1415
1415
1415
1415
1415
1415
1415
1415
1415
1415
1415
1415
1415
1415
1415
1415
1415
1415
1415
1415
1415
1415
1415
1415
1415
1415
1415
1415
1415
1415
1415
1415
1415
1415
1415
1415
1415
1415
1415
1415
1419
1419
1419
1419
1419
1419
1419
1419
1419
1419
1419
1419
1419
1419
1419
1419
1421
1424
1424
1424
1424
1424
1424
1424
1424
1424
1424
1424
1424
1424
1424
1424
1424
1424
1424
1424
1424
1424
1424
1424
1424
1424
1424
1424
1424
1424
1429
1429
1429
1429
1429
1429
1429
1429
1429
1429
1429
1429
1429
1429
1429
1429
1429
1429
1429
1429
1429
1429
1429
1429
1429
1429
1429
1429
1429
1429
1429
1429
1429
1429
1429
1429
1429
1429
1429
1429
1429
1429
1429
1429
1429
1429
1429
1429
1429
1429
1429
1429
1429
1429
1429
1429
1429
1429
1429
1429
1429
1429
1433
1433
1433
1433
1433
1433
1433
1433
1433
1433
1433
1433
1433
1433
1433
1433
1433
1433
1433
1433
1433
1433
1433
1433
1433
1433
1433
1433
1433
1433
1433
1433
1433
1433
1433
1433
1433
1433
1433
1433
1433
1433
1433
1433
1433
1433
1437
1437
1437
1437
1437
1437
1437
1437
1437
1437
1437
1437
1437
1437
1437
1437
1437
1437
1437
1437
1437
1437
1437
1437
1437
1437
1437
1437
1437
1437
1437
1437
1437
1437
1437
1437
1437
1437
1437
1438
1438
1438
1438
1438
1438
1438
1438
1438
1443
1451
1461
1473
1473
1473
1473
1473
1473
1473
1473
1473
1473
1473
1473
1473
1473
1473
1473
1473
1473
1473
1473
1473
1473
1473
1473
1473
1473
1473
1478
1478
1478
1478
1478
1478
1478
1478
1478
1478
1478
1478
1478
1478
1478
1478
1478
1478
1478
1478
1478
1478
1478
1478
1478
1478
1478
1478
1478
1478
1478
1478
1478
1478
1478
1478
1478
1478
1485
1493
1493
1493
1493
1493
1493
1493
1493
1493
1493
1493
1493
1493
1493
1493
1493
1493
1493
1493
1493
1493
1493
1493
1493
1493
1493
1493
1493
1493
1493
1493
1493
1493
1493
1493
1493
1493
1493
1493
1493
1493
1493
1493
1493
1493
1493
1493
1493
1493
1493
1493
1493
1493
1493
1493
1493
1493
1493
1493
1493
1493
1493
1493
1493
1493
1493
1493
1493
1493
1493
1493
1493
1493
1493
1493
1493
1493
1493
1493
1493
1493
1493
1493
1495
1495
1495
1495
1495
1495
1495
1495
1495
1495
1495
1495
1495
1495
1495
1495
1495
1495
1495
1495
1495
1495
1495
1495
1495
1495
1495
1495
1495
1495
1495
1495
1495
1495
1495
1495
1495
1495
1495
1495
1495
1495
1495
1495
1495
1495
1495
1495
1495
1495
1495
1495
1495
1495
1495
1495
1495
1495
1495
1500
1500
1500
1500
1500
1500
1500
1500
1500
1500
1500
1500
1500
1500
1500
1500
1500
1500
1500
1500
1500
1500
1500
1500
1500
1500
1500
1500
1500
1500
1500
1500
1500
1500
1500
1500
1500
1500
1500
1500
1500
1500
1500
1500
1500
1500
1500
1500
1500
1500
1500
1500
1500
1500
1500
1500
1500
1500
1500
1500
1500
1500
1500
1500
1500
1500
1500
1500
1500
1500
1500
1500
1500
1500
1500
1500
1500
1500
1500
1500
1500
1500
1500
1500
1500
1500
1500
1500
1500
1500
1500
1500
1500
1500
1500
1500
1500
1500
1500
1500
1500
1500
1500
1500
1500
1500
1500
1500
1500
1500
1500
1500
1500
1500
1500
1500
1500
1500
1500
1500
1500
1500
1500
1500
1500
1500
1500
1500
1500
1500
1500
1500
1500
1500
1500
1500
1500
1500
1500
1500
1500
1500
1506
1513
1520
1520
1520
1520
1520
1520
1520
1520
1520
1520
1520
1520
1520
1520
1520
1525
1525
1525
1525
1525
1525
1525
1525
1525
1525
1525
1525
1525
1525
1525
1525
1525
1525
1525
1525
1525
1525
1525
1525
1525
1525
1525
1525
1525
1525
1525
1525
1525
1525
1525
1525
1525
1525
1525
1525
1525
1525
1525
1525
1525
1525
1525
1525
1525
1525
1525
1525
1525
1525
1525
1525
1525
1525
1525
1525
1525
1529
1529
1529
1529
1529
1529
1529
1529
1529
1529
1529
1529
1529
1529
1529
1529
1529
1529
1529
1529
1529
1529
1529
1529
1529
1529
1529
1529
1529
1529
1529
1529
1529
1529
1529
1529
1529
1529
1529
1529
1529
1529
1529
1529
1529
1529
1529
1529
1529
1529
1529
1529
1529
1529
1529
1529
1529
1529
1529
1529
1529
1529
1529
1529
1529
1529
1529
1529
1529
1529
1529
1529
1529
1529
1529
1529
1529
1529
1529
1529
1529
1529
1529
1529
1529
1529
1529
1529
1529
1529
1529
1529
1529
1534
1534
1534
1534
1534
1534
1534
1534
1534
1534
1534
1534
1534
1534
1534
1534
1534
1534
1534
1534
1534
1534
1534
1534
1534
1534
1534
1534
1534
1534
1534
1534
1534
1534
1534
1534
1534
1534
1534
1534
1534
1534
1534
1534
1534
1534
1534
1534
1534
1534
1534
1534
1534
1536
1536
1536
1536
1536
1536
1536
1536
1536
1536
1536
1536
1536
1536
1536
1536
1536
1536
1536
1536
1536
1536
1536
1536
1536
1536
1536
1536
1536
1536
1536
1536
1536
1536
1536
1536
1536
1536
1536
1536
1536
1536
1536
1536
1536
1536
1536
1536
1536
1536
1536
1536
1536
1536
1536
1536
1536
1536
1536
1536
1536
1536
1536
1536
1536
1536
1536
1536
1536
1536
1536
1536
1536
1536
1536
1536
1536
1536
1536
1536
1536
1536
1536
1536
1536
1536
1536
1536
1536
1536
1536
1536
1536
1536
1536
1536
1536
1536
1536
1536
1536
1536
1536
1536
1536
1536
1536
1536
1536
1536
1536
1536
1536
1536
1536
1536
1536
1536
1536
1536
1536
1536
1536
1536
1536
1536
1536
1536
1536
1536
1536
1536
1536
1536
1536
1536
1536
1536
1536
1536
1536
1536
1536
1536
1536
1536
1536
1536
1536
1536
1536
1536
1536
1536
1536
1536
1536
1536
1536
1536
1536
1536
1536
1536
1536
1536
1536
1536
1536
1536
1536
1536
1536
1536
1536
1536
1536
1536
1536
1536
1536
1536
1536
1536
1536
1536
1536
1536
1536
1536
1536
1536
1536
1536
1536
1536
1536
1536
1536
1536
1536
1536
1536
1536
1536
1536
1536
1536
1536
1536
1536
1536
1536
1536
1536
1536
1536
1536
1536
1536
1536
1536
1536
1536
1536
1536
1536
1536
1536
1536
1536
1536
1536
1536
1536
1536
1536
1536
1536
1536
1536
1536
1536
1536
1536
1536
1536
1536
1536
1536
1536
1536
1536
1536
1536
1536
1536
1536
1536
1536
1536
1536
1536
1536
1536
1536
1536
1536
1536
1536
1536
1536
1536
1536
1536
1536
1536
1536
1536
1536
1536
1536
1536
1536
1536
1540
1545
1545
1545
1545
1545
1545
1545
1545
1545
1545
1545
1545
1545
1545
1545
1545
1545
1545
1545
1545
1545
1545
1545
1545
1545
1545
1545
1545
1545
1545
1545
1545
1545
1545
1545
1545
1545
1545
1545
1551
1557
1568
1580
1594
1594
1594
1594
1594
1594
1594
1594
1594
1594
1594
1594
1594
1594
1594
1594
1594
1594
1594
1594
1594
1594
1594
1594
1594
1594
1594
1594
1594
1594
1594
1594
1594
1594
1594
1594
1594
1594
1594
1594
1594
1594
1594
1594
1594
1594
1594
1594
1594
1594
1594
1594
1594
1594
1594
1594
1594
1594
1594
1594
1594
1594
1594
1594
1599
1599
1599
1599
1599
1599
1599
1599
1599
1599
1599
1599
1599
1599
1599
1599
1599
1599
1599
1599
1599
1599
1599
1599
1599
1599
1599
1599
1599
1599
1599
1599
1599
1599
1599
1599
1599
1599
1599
1599
1599
1599
1599
1599
1599
1599
1599
1599
1599
1599
1599
1599
1599
1599
1599
1599
1599
1599
1599
1599
1599
1599
1599
1599
1599
1599
1599
1599
1599
1599
1599
1599
1599
1599
1599
1599
1599
1599
1599
1599
1599
1599
1599
1599
1599
1599
1599
1599
1599
1599
1599
1599
1599
1599
1599
1599
1599
1599
1603
1609
1616
1626
1637
1650
1650
1650
1650
1650
1650
1650
1650
1650
1650
1650
1650
1650
1650
1650
1650
1650
1650
1650
1650
1650
1650
1650
1650
1650
1650
1650
1650
1650
1650
1650
1654
1660
1668
1677
1689
1689
1689
1689
1689
1689
1689
1689
1689
1689
1689
1689
1689
1689
1689
1689
1689
1689
1689
1689
1689
1689
1689
1689
1689
1689
1689
1689
1689
1689
1689
1689
1689
1689
1689
1689
1689
1689
1689
1689
1689
1689
1689
1689
1689
1689
1689
1689
1689
1689
1689
1689
1689
1689
1689
1689
1689
1689
1689
1689
1689
1689
1689
1689
1689
1689
1689
1689
1689
1689
1689
1689
1689
1689
1689
1689
1689
1689
1689
1689
1689
1689
1689
1689
1689
1689
1689
1689
1689
1689
1689
1689
1689
1689
1689
1689
1689
1689
1689
1689
1689
1689
1689
1689
1689
1689
1689
1689
1689
1689
1689
1689
1689
1689
1689
1689
1689
1689
1689
1689
1689
1689
1689
1689
1689
1689
1689
1689
1689
1689
1689
1689
1689
1695
1695
1695
1695
1695
1695
1695
1695
1695
1695
1695
1695
1695
1695
1695
1695
1695
1695
1695
1695
1695
1695
1695
1695
1695
1695
1695
1695
1695
1701
1701
1701
1701
1701
1701
1701
1701
1701
1701
1701
1701
1701
1701
1701
1701
1701
1701
1701
1701
1701
1701
1701
1701
1701
1701
1701
1701
1701
1701
1701
1701
1701
1701
1701
1701
1701
1701
1705
1705
1705
1705
1705
1705
1705
1705
1705
1705
1705
1705
1705
1710
1710
1710
1710
1710
1710
1710
1710
1710
1710
1710
1710
1710
1710
1710
1710
1710
1710
1710
1710
1710
1710
1710
1710
1710
1710
1710
1710
1710
1710
1710
1710
1710
1710
1710
1710
1710
1710
1713
1713
1713
1713
1713
1713
1713
1713
1713
1713
1713
1713
1713
1713
1713
1713
1713
1713
1713
1713
1713
1713
1713
1713
1713
1713
1713
1713
1713
1713
1713
1713
1713
1713
1713
1713
1713
1713
1713
1713
1713
1713
1713
1713
1713
1713
1713
1713
1713
1713
1713
1713
1713
1713
1713
1713
1713
1713
1713
1713
1713
1713
1713
1713
1713
1713
1713
1713
1713
1713
1713
1713
1713
1713
1713
1713
1713
1713
1713
1713
1713
1713
1713
1713
1713
1713
1713
1713
1713
1713
1713
1713
1713
1713
1713
1713
1713
1713
1713
1713
1713
1713
1713
1713
1713
1713
1713
1713
1713
1713
1713
1713
1713
1713
1713
1713
1713
1713
1713
1713
1713
1713
1713
1713
1713
1713
1713
1713
1713
1713
1713
1713
1713
1713
1713
1713
1713
1713
1713
1713
1713
1713
1713
1713
1713
1713
1713
1713
1713
1713
1713
1713
1713
1713
1713
1713
1713
1713
1713
1713
1713
1713
1713
1713
1713
1713
1713
1713
1713
1713
1713
1713
1713
1713
1713
1713
1713
1713
1713
1713
1719
1719
1719
1719
1719
1719
1719
1719
1719
1719
1719
1719
1719
1719
1719
1719
1719
1719
1719
1719
1719
1719
1719
1719
1719
1719
1719
1719
1719
1719
1719
1719
1719
1719
1719
1719
1719
1719
1719
1719
1719
1719
1719
1719
1719
1719
1719
1719
1719
1719
1719
1719
1719
1719
1719
1719
1719
1719
1719
1719
1719
1719
1719
1719
1719
1719
1719
1719
1719
1719
1719
1722
1722
1722
1722
1722
1722
1722
1722
1722
1722
1722
1722
1722
1722
1722
1722
1722
1722
1722
1722
1722
1722
1722
1722
1722
1722
1722
1722
1722
1722
1722
1722
1722
1726
1726
1726
1726
1726
1726
1726
1726
1727
1729
1729
1729
1729
1729
1729
1729
1729
1729
1729
1729
1729
1729
1729
1729
1729
1729
1729
1729
1729
1729
1729
1729
1729
1729
1729
1729
1729
1729
1729
1729
1729
1729
1729
1729
1729
1729
1729
1729
1729
1729
1729
1729
1729
1729
1729
1729
1729
1729
1729
1729
1729
1729
1729
1729
1729
1729
1729
1729
1729
1729
1729
1729
1729
1729
1729
1729
1729
1729
1729
1729
1729
1729
1729
1729
1729
1729
1729
1729
1733
1733
1733
1733
1733
1733
1733
1733
1733
1733
1733
1737
1737
1737
1737
1737
1737
1741
1748
1748
1748
1748
1748
1748
1748
1748
1748
1748
1748
1748
1748
1748
1748
1748
1748
1748
1748
1748
1748
1748
1748
1748
1748
1748
1752
1752
1752
1752
1752
1752
1752
1752
1752
1752
1752
1752
1752
1758
1758
1758
1758
1758
1758
1758
1758
1758
1758
1758
1758
1758
1758
1758
1758
1758
1758
1758
1758
1758
1758
1758
1758
1758
1758
1758
1758
1758
1758
1758
1758
1758
1758
1758
1758
1758
1758
1758
1758
1758
1758
1758
1758
1758
1758
1758
1758
1758
1758
1758
1758
1758
1758
1758
1758
1758
1758
1758
1758
1758
1758
1758
1758
1758
1758
1758
1758
1758
1758
1758
1758
1758
1758
1758
1758
1758
1758
1758
1758
1758
1758
1758
1758
1758
1758
1758
1758
1758
1758
1758
1758
1758
1758
1758
1758
1758
1758
1758
1758
1758
1758
1758
1758
1758
1758
1758
1758
1758
1758
1758
1758
1758
1758
1758
1758
1758
1760
1760
1760
1760
1760
1760
1764
1764
1764
1764
1764
1764
1764
1764
1764
1764
1764
1764
1764
1764
1764
1764
1764
1764
1764
1764
1764
1764
1764
1764
1764
1764
1764
1764
1764
1764
1764
1764
1764
1764
1764
1764
1764
1764
1764
1764
1764
1764
1764
1764
1764
1764
1764
1764
1764
1764
1764
1764
1764
1764
1764
1764
1764
1764
1764
1764
1764
1764
1764
1764
1764
1764
1764
1764
1764
1764
1764
1764
1764
1764
1764
1764
1764
1764
1764
1764
1764
1764
1764
1764
1764
1764
1764
1764
1764
1764
1764
1764
1764
1764
1764
1764
1764
1764
1764
1764
1764
1764
1764
1764
1764
1764
1764
1764
1764
1764
1764
1764
1764
1764
1764
1764
1764
1764
1764
1764
1764
1764
1764
1764
1764
1764
1764
1764
1764
1764
1764
1764
1764
1764
1764
1764
1764
1764
1764
1764
1764
1764
1764
1764
1764
1764
1764
1764
1764
1764
1768
1768
1768
1768
1768
1768
1768
1768
1768
1768
1768
1768
1768
1768
1768
1768
1768
1768
1768
1768
1768
1768
1768
1768
1768
1768
1768
1768
1768
1768
1768
1768
1768
1772
1777
1785
1785
1785
1785
1785
1785
1785
1785
1785
1785
1789
1794
1794
1794
1794
1794
1794
1794
1794
1794
1794
1794
1794
1794
1794
1794
1794
1794
1794
1794
1794
1794
1794
1794
1794
1794
1794
1794
1794
1794
1794
1794
1794
1794
1794
1794
1794
1794
1794
1794
1794
1794
1794
1794
1794
1794
1794
1794
1800
1800
1800
1800
1800
1800
1800
1800
1800
1800
1800
1800
1800
1800
1800
1800
1800
1800
1800
1800
1800
1800
1800
1800
1800
1800
1800
1800
1800
1800
1800
1800
1800
1800
1800
1800
1800
1800
1800
1800
1800
1800
1800
1800
1800
1800
1800
1800
1800
1800
1800
1800
1800
1800
1800
1800
1800
1800
1800
1800
1800
1800
1800
1800
1800
1800
1800
1800
1800
1800
1800
1800
1800
1800
1800
1800
1800
1800
1800
1800
1800
1800
1800
1803
1803
1803
1803
1803
1803
1803
1803
1803
1803
1803
1803
1803
1803
1803
1803
1803
1803
1803
1803
1803
1803
1803
1803
1803
1803
1803
1803
1803
1803
1803
1803
1803
1803
1803
1803
1803
1803
1803
1803
1803
1803
1803
1803
1803
1803
1803
1803
1803
1807
1812
1820
1820
1820
1820
1820
1820
1820
1820
1820
1820
1820
1820
1820
1820
1820
1820
1820
1820
1820
1820
1820
1820
1820
1820
1820
1820
1820
1820
1820
1820
1820
1820
1820
1820
1820
1820
1820
1820
1820
1820
1820
1820
1820
1820
1820
1820
1820
1820
1820
1820
1820
1820
1820
1820
1820
1820
1820
1820
1820
1820
1820
1820
1820
1820
1820
1820
1820
1820
1820
1820
1820
1820
1820
1820
1820
1820
1820
1820
1820
1820
1820
1820
1820
1820
1820
1820
1820
1820
1820
1820
1820
1820
1820
1820
1820
1820
1820
1820
1820
1820
1820
1820
1820
1820
1820
1820
1820
1820
1820
1820
1820
1820
1820
1820
1820
1820
1820
1820
1820
1820
1820
1820
1820
1820
1820
1820
1820
1820
1820
1820
1820
1820
1820
1820
1820
1820
1820
1820
1820
1820
1820
1820
1820
1824
1824
1824
1824
1824
1824
1824
1824
1824
1824
1824
1824
1824
1824
1824
1824
1824
1824
1824
1824
1824
1824
1824
1824
1824
1824
1824
1824
1824
1824
1824
1824
1824
1824
1824
1824
1824
1824
1824
1824
1824
1824
1824
1824
1824
1824
1824
1824
1824
1824
1824
1824
1824
1824
1824
1824
1824
1824
1824
1824
1824
1824
1824
1824
1824
1824
1824
1824
1824
1824
1824
1824
1824
1824
1824
1824
1824
1824
1824
1824
1827
1827
1827
1827
1827
1827
1827
1827
1827
1827
1827
1827
1827
1827
1827
1827
1827
1827
1827
1827
1827
1830
1830
1830
1830
1830
1830
1830
1830
1830
1830
1830
1830
1830
1830
1830
1830
1830
1830
1830
1830
1830
1830
1830
1830
1830
1830
1830
1830
1830
1830
1830
1830
1830
1830
1830
1830
1830
1830
1830
1830
1830
1830
1830
1830
1830
1830
1830
1830
1830
1830
1830
1830
1830
1830
1830
1830
1830
1830
1830
1830
1830
1830
1830
1830
1830
1830
1830
1830
1830
1830
1830
1830
1830
1830
1830
1830
1830
1830
1830
1835
1835
1835
1835
1835
1835
1835
1835
1835
1835
1835
1835
1835
1835
1835
1835
1835
1835
1835
1835
1835
1835
1835
1835
1835
1835
1835
1835
1835
1835
1835
1835
1835
1835
1835
1835
1835
1835
1835
1835
1835
1835
1835
1835
1835
1835
1835
1835
1835
1835
1835
1835
1835
1835
1835
1835
1835
1835
1835
1835
1835
1835
1835
1835
1835
1835
1835
1835
1835
1835
1835
1835
1835
1835
1835
1835
1835
1835
1835
1835
1835
1835
1835
1835
1835
1835
1835
1835
1835
1835
1835
1835
1835
1835
1835
1835
1835
1835
1835
1835
1835
1835
1835
1835
1835
1835
1835
1835
1835
1835
1835
1835
1835
1835
1835
1835
1835
1835
1835
1835
1835
1835
1835
1835
1835
1835
1835
1835
1835
1835
1835
1835
1835
1835
1835
1835
1835
1835
1835
1835
1835
1835
1835
1838
1838
1838
1838
1838
1838
1838
1838
1838
1838
1838
1838
1838
1838
1838
1838
1838
1838
1838
1838
1838
1838
1838
1838
1838
1838
1838
1838
1838
1838
1838
1838
1838
1838
1838
1838
1838
1838
1838
1838
1838
1838
1838
1838
1838
1838
1838
1838
1838
1838
1838
1838
1838
1838
1838
1838
1838
1838
1838
1838
1838
1838
1838
1838
1838
1838
1838
1838
1838
1838
1838
1838
1838
1838
1838
1838
1838
1838
1838
1838
1838
1838
1838
1838
1838
1838
1838
1838
1838
1838
1838
1838
1838
1838
1838
1838
1838
1838
1838
1838
1838
1838
1838
1838
1838
1838
1838
1838
1838
1838
1838
1838
1838
1838
1838
1838
1838
1838
1838
1838
1838
1838
1838
1838
1838
1838
1838
1838
1