100
4 2
5 2
6 2
1000 1000
1000 1
439069 332095
500000 249998
1000000 500000
307404 283424
1000000 499998
1000000 524288
422679 326723
1000000 1000000
500000 500000
500000 262143
458663 405274
999999 999998
500000 237857
1000000 475713
500000 243619
459570 375706
1000000 491773
449496 372918
5 1
460637 420823
1000000 524287
999999 127
631865 504917
743153 577904
835007 722275
300064 227981
999999 1
1000000 262144
999999 475712
492188 408600
565019 517854
723027 552554
500000 250000
661853 578540
999999 999999
999999 499997
999999 499998
947635 765180
999999 262143
1000000 2
999999 411985
1 1
677748 552206
799619 787901
500000 237856
3 2
572466 470018
676257 624599
2 1
500000 499999
1000000 1
1000000 475712
724953 706139
500000 127
280278 275341
3 1
696231 583933
999999 524287
500000 131072
1000000 128
1000000 474470
999999 2
500000 262144
500000 1
500000 2
999999 499999
713727 604705
332952 325634
1000000 262143
1000000 127
999999 480308
642321 517587
2 2
500000 191902
773276 676732
1000000 999999
500000 249999
709518 657926
999999 128
500000 128
999999 262144
508416 508371
500000 131071
466640 360257
263766 243858
999999 475711
999999 524288
603108 499794
1000000 499999
625097 557500
296181 292688
342720 305852
552224 438071
522045 490975
4 1
