100
4 2
5 2
6 2
1000 1000
1000 1
396 338
763 595
999 998
332 298
1000 511
279 213
500 128
944 793
318 246
500 499
999 419
1 1
500 244
315 273
1000 512
999 999
999 511
620 471
265 224
3 2
500 127
931 842
593 535
460 421
999 512
999 498
451 387
500 2
1000 256
999 128
1000 500
500 1
500 249
999 499
919 820
416 380
500 248
500 245
540 443
1000 127
779 720
961 823
768 629
5 1
2 2
443 357
999 256
999 2
738 604
2 1
1000 487
515 486
1000 2
462 419
500 92
500 256
292 224
999 487
623 508
500 500
500 255
1000 255
747 624
999 255
4 1
675 598
999 127
999 497
1000 128
1000 499
999 1
485 439
379 307
673 558
771 687
999 488
819 671
953 835
1000 999
1000 489
500 250
1000 497
489 415
1000 488
3 1
999 491
487 426
500 116
1000 498
500 195
996 763
500 117
649 488
421 392
269 264
